03259505	_has_part	03199775	1
10318892	_derivationally_related_form	01724185	1
02181538	_derivationally_related_form	10714851	1
01462005	_derivationally_related_form	07374756	1
01615457	_synset_domain_topic_of	00471613	1
08382056	_member_meronym	09907196	1
08900535	_member_of_domain_region	08015116	1
00240293	_derivationally_related_form	03289462	1
02284096	_derivationally_related_form	13284562	1
14662574	_hyponym	14690607	1
12387633	_hypernym	12205694	1
01538955	_hypernym	01525720	1
00775156	_derivationally_related_form	09615465	1
02302817	_derivationally_related_form	10190516	1
14778436	_hyponym	03208229	1
02475922	_derivationally_related_form	02635794	1
08392137	_instance_hyponym	08024096	1
12610933	_member_meronym	12617739	1
02574651	_member_holonym	02574489	1
01047338	_derivationally_related_form	00164658	1
04272054	_part_of	03391301	1
14313440	_hyponym	14313943	1
00140123	_hyponym	00306017	1
12705978	_hypernym	12705013	1
10479561	_hyponym	10769459	1
09140148	_has_part	09140993	1
00777522	_derivationally_related_form	13599547	1
04622415	_hypernym	04623612	1
01899360	_also_see	02570282	1
00500669	_part_of	00499924	1
10678937	_hypernym	09853881	1
08687525	_instance_hypernym	08685677	1
09815790	_hyponym	10596348	1
11682842	_hyponym	11683105	1
02752567	_derivationally_related_form	01067577	1
02433549	_derivationally_related_form	00399393	1
01772498	_hypernym	01771535	1
04944048	_hyponym	04945057	1
01247413	_derivationally_related_form	02497400	1
03395745	_derivationally_related_form	00164444	1
09893015	_hyponym	09916209	1
06770275	_has_part	06770875	1
06055946	_member_of_domain_topic	13452947	1
03420559	_derivationally_related_form	01606205	1
07951464	_hyponym	07956887	1
00818553	_derivationally_related_form	09954479	1
00151497	_hyponym	00153809	1
01826060	_derivationally_related_form	04836268	1
08220891	_hypernym	08102555	1
00609953	_hypernym	00582388	1
02140491	_hypernym	02139671	1
07995164	_hypernym	07993929	1
02400760	_hypernym	00674607	1
02228901	_hypernym	02294436	1
01306425	_hypernym	00220869	1
03321103	_part_of	03321419	1
02085742	_derivationally_related_form	03933529	1
01626600	_hyponym	01634392	1
06413889	_derivationally_related_form	06410904	1
01139380	_synset_domain_topic_of	00488225	1
02033703	_synset_domain_topic_of	00300441	1
07402147	_derivationally_related_form	01903935	1
00524299	_synset_domain_topic_of	06084469	1
04733640	_hyponym	04741311	1
12890685	_hypernym	13122364	1
01909111	_member_meronym	01911511	1
01299994	_instance_hypernym	00956485	1
11592146	_hyponym	13027049	1
12532886	_member_holonym	12532720	1
02670398	_verb_group	02670578	1
09765278	_instance_hyponym	11019269	1
00079018	_hypernym	00077419	1
13308999	_derivationally_related_form	02307547	1
01019524	_derivationally_related_form	01742886	1
02008796	_hyponym	02009750	1
01725051	_derivationally_related_form	00101191	1
01885845	_derivationally_related_form	00294868	1
01186208	_derivationally_related_form	07449862	1
02635580	_member_holonym	02635310	1
11759853	_hypernym	11759224	1
10467395	_instance_hyponym	11186042	1
06851742	_member_of_domain_usage	07909593	1
01419982	_derivationally_related_form	00445802	1
02279972	_member_holonym	02279819	1
05303402	_hyponym	05553049	1
13864965	_hyponym	13872421	1
00248659	_hyponym	00249017	1
02034661	_hyponym	02034971	1
10859669	_derivationally_related_form	00201034	1
08860123	_member_of_domain_region	00575657	1
08740875	_member_of_domain_region	08745011	1
06636806	_derivationally_related_form	00563552	1
10767265	_hypernym	10249459	1
02206619	_hyponym	02345048	1
14622893	_hyponym	14638517	1
02964634	_derivationally_related_form	02700867	1
07519253	_hyponym	07520612	1
12612913	_member_meronym	12614962	1
12185078	_member_meronym	12185254	1
13152742	_has_part	13161506	1
10363149	_synset_domain_topic_of	08441203	1
05125377	_hyponym	05126066	1
00255214	_hyponym	00257770	1
00747135	_derivationally_related_form	07168131	1
00734054	_derivationally_related_form	05822746	1
09638009	_synset_domain_usage_of	06717170	1
07408796	_synset_domain_topic_of	06098195	1
01866535	_also_see	01002377	1
13120446	_hyponym	12736999	1
08340153	_member_meronym	08194266	1
02186399	_hypernym	01759182	1
01307754	_instance_hypernym	00962722	1
01572174	_member_meronym	01572782	1
02242464	_verb_group	02727883	1
13245626	_hypernym	13244109	1
00446329	_hypernym	00397576	1
13484937	_hypernym	13460568	1
05486510	_hypernym	05462674	1
00322847	_hypernym	00140123	1
00434077	_derivationally_related_form	02705944	1
12974457	_hypernym	11590783	1
04469813	_hypernym	03100490	1
02172888	_hyponym	02172127	1
02261888	_derivationally_related_form	13268146	1
14373582	_hyponym	14379130	1
09956780	_synset_domain_region_of	09023321	1
01507175	_hyponym	02006211	1
03082979	_hyponym	03890514	1
09631463	_hyponym	10739636	1
09079505	_part_of	09079153	1
01461152	_derivationally_related_form	00382109	1
06763273	_hypernym	06762711	1
00028270	_hyponym	15119536	1
09805475	_instance_hyponym	11228153	1
05522784	_part_of	05521636	1
02367032	_hypernym	02382367	1
08025835	_synset_domain_region_of	09022265	1
02254531	_member_holonym	02254370	1
08252602	_hypernym	08252211	1
03197446	_hypernym	03163798	1
02958343	_has_part	04425977	1
06782019	_derivationally_related_form	00690614	1
01265246	_derivationally_related_form	10514962	1
01559055	_derivationally_related_form	14287113	1
01654957	_member_meronym	01655116	1
01610758	_member_meronym	01611252	1
06468818	_derivationally_related_form	02699141	1
06128570	_member_of_domain_topic	04050600	1
02121234	_member_holonym	02120692	1
10200365	_hypernym	09998101	1
12293723	_hyponym	12296432	1
12536665	_member_holonym	12501745	1
11536778	_member_meronym	11542341	1
08983105	_part_of	08982587	1
04007239	_hypernym	02719750	1
00020926	_derivationally_related_form	10634990	1
00141806	_hypernym	00879271	1
13809207	_hyponym	00019613	1
00146138	_hyponym	00374135	1
10249950	_instance_hyponym	11132462	1
01134653	_hypernym	00434374	1
14039534	_derivationally_related_form	01188144	1
00763630	_hypernym	00759694	1
01879251	_hypernym	01880113	1
02530294	_member_holonym	02529515	1
01648356	_member_holonym	01648001	1
00914343	_derivationally_related_form	01740468	1
09998101	_derivationally_related_form	00750730	1
08081668	_hypernym	08053576	1
02074677	_derivationally_related_form	00058743	1
12619306	_member_meronym	12637729	1
05125377	_hyponym	05128370	1
01734929	_hypernym	01734502	1
06845599	_member_of_domain_usage	14754192	1
00447771	_hypernym	00146138	1
06095022	_member_of_domain_topic	08271042	1
02339413	_derivationally_related_form	01156899	1
09605289	_hyponym	10390199	1
01672767	_member_holonym	01660719	1
13016749	_hypernym	11592146	1
00291004	_synset_domain_topic_of	08199025	1
01301080	_part_of	01311520	1
05238282	_has_part	05330659	1
00294245	_derivationally_related_form	13439390	1
00915041	_derivationally_related_form	07122118	1
02672540	_derivationally_related_form	03118539	1
00470084	_hypernym	00224901	1
10536416	_instance_hyponym	11167952	1
08654360	_instance_hyponym	08902196	1
00147454	_hypernym	00145218	1
13141141	_member_holonym	13140993	1
11304139	_instance_hypernym	10453533	1
01876843	_member_meronym	01877407	1
01217780	_hypernym	01277974	1
02300018	_hypernym	01759182	1
01668421	_hypernym	01675963	1
12583529	_member_holonym	12581381	1
01864707	_hyponym	02364989	1
02225959	_member_meronym	02226598	1
01657723	_hyponym	01758019	1
01080366	_hyponym	00296585	1
05898171	_derivationally_related_form	01783214	1
09804806	_hyponym	10047822	1
09559201	_instance_hypernym	09547903	1
03490324	_hyponym	03441112	1
03247083	_derivationally_related_form	01611516	1
01837363	_hypernym	01507175	1
02354287	_derivationally_related_form	05595083	1
13920835	_hyponym	13924659	1
06811625	_hypernym	06808720	1
02512150	_derivationally_related_form	08552138	1
02397637	_hyponym	02554797	1
07360647	_hypernym	07307477	1
12423565	_member_meronym	12465321	1
05196582	_hyponym	05197797	1
05670710	_hyponym	05670972	1
02645823	_member_holonym	02644967	1
06084469	_member_of_domain_topic	00574996	1
02019431	_derivationally_related_form	05030418	1
01229938	_hyponym	01230850	1
01985247	_derivationally_related_form	02739480	1
10648237	_derivationally_related_form	02412175	1
08192970	_member_meronym	10294139	1
00211110	_hyponym	00061598	1
12871484	_member_holonym	12871074	1
01008378	_derivationally_related_form	02432530	1
08984567	_has_part	08984788	1
08698379	_instance_hyponym	08705397	1
06725877	_hyponym	06733227	1
05778131	_member_of_domain_topic	09753498	1
09977660	_hyponym	10120085	1
09006413	_has_part	09004625	1
12598826	_hypernym	12205694	1
00607405	_derivationally_related_form	05755883	1
12411084	_hyponym	12411710	1
07230502	_derivationally_related_form	01026095	1
01438208	_hyponym	02583567	1
02566528	_hyponym	02567422	1
12288823	_hyponym	12289433	1
00063724	_hypernym	00208210	1
02045024	_member_meronym	02046321	1
01355326	_hyponym	01363121	1
02468261	_derivationally_related_form	00397953	1
02309008	_hypernym	02308741	1
10034906	_hyponym	10229721	1
00125629	_hyponym	00132219	1
05788149	_hyponym	05789808	1
08340153	_member_meronym	08340989	1
02818402	_hypernym	04547991	1
09992538	_derivationally_related_form	02025829	1
01716882	_synset_domain_topic_of	06157326	1
10628222	_hyponym	09953615	1
02321757	_hyponym	02277897	1
10132988	_derivationally_related_form	01193099	1
01955084	_hypernym	01940736	1
00007846	_hyponym	10150794	1
00900957	_hypernym	00900726	1
01902783	_verb_group	01838651	1
08959683	_member_holonym	08177030	1
03413428	_hypernym	03953020	1
03306610	_hyponym	02762508	1
01504437	_hyponym	01799086	1
13934900	_hyponym	14002279	1
08524735	_instance_hyponym	09130883	1
04455442	_part_of	03671668	1
11555413	_hyponym	12354068	1
09411430	_instance_hyponym	09441725	1
01941670	_member_meronym	01949195	1
07991364	_member_holonym	08146782	1
00785008	_derivationally_related_form	10207831	1
07901587	_hyponym	07907037	1
13716878	_hyponym	13722060	1
00956485	_instance_hyponym	01275697	1
11575425	_hyponym	11896365	1
02600490	_hypernym	01162754	1
03160309	_derivationally_related_form	01587818	1
05136150	_hypernym	05093581	1
03634189	_instance_hypernym	04078747	1
09401474	_part_of	09023321	1
08569165	_hyponym	08677801	1
13860793	_hyponym	13900287	1
13166338	_hyponym	12958772	1
11769483	_hypernym	11567411	1
00372665	_derivationally_related_form	05725527	1
09028841	_part_of	09392162	1
12296432	_hypernym	12293723	1
05941423	_hyponym	05951969	1
08129268	_has_part	08349681	1
08941895	_instance_hypernym	08939562	1
02054834	_member_meronym	02054966	1
09341145	_instance_hypernym	09411430	1
05807306	_hypernym	05805475	1
00126264	_hyponym	00134136	1
01225461	_derivationally_related_form	03903424	1
08801099	_part_of	08800676	1
00357667	_verb_group	00357332	1
11642430	_hypernym	11630890	1
02310007	_hypernym	02199590	1
02937336	_synset_domain_topic_of	08199025	1
01857171	_member_holonym	01845627	1
02715047	_derivationally_related_form	08560027	1
02483092	_member_holonym	02482820	1
15092751	_hypernym	15089472	1
01693881	_hyponym	01695257	1
01183573	_derivationally_related_form	09424489	1
12156308	_hypernym	11555413	1
02257536	_member_meronym	02258065	1
00062806	_hyponym	00236581	1
00049900	_derivationally_related_form	14456752	1
04773351	_hyponym	04773899	1
13881175	_hypernym	13879126	1
03836191	_hypernym	02852523	1
00887463	_derivationally_related_form	01044448	1
09731571	_member_holonym	09440400	1
01053495	_hypernym	02172888	1
06206800	_derivationally_related_form	00694068	1
04086794	_has_part	04593866	1
10775128	_hypernym	10294602	1
10692482	_derivationally_related_form	02192992	1
02601767	_member_holonym	02601589	1
09195615	_has_part	08735705	1
00916464	_member_of_domain_topic	00915722	1
01376082	_derivationally_related_form	00278040	1
12383402	_has_part	07753743	1
06125698	_member_of_domain_topic	02026785	1
00300441	_member_of_domain_topic	01963655	1
06489968	_part_of	06613686	1
01342529	_hyponym	01672950	1
01463259	_hyponym	01459480	1
01565472	_derivationally_related_form	00965895	1
02710402	_derivationally_related_form	00612114	1
07372959	_derivationally_related_form	00748282	1
14716997	_hypernym	14822563	1
01815185	_derivationally_related_form	04982478	1
01981543	_member_holonym	01976477	1
02519555	_synset_domain_topic_of	06084469	1
13163250	_hypernym	13129165	1
08674970	_hyponym	08615638	1
03994417	_hypernym	03283519	1
00501080	_has_part	00500669	1
10185793	_derivationally_related_form	05638374	1
12761702	_hypernym	13110915	1
09464335	_instance_hypernym	09475292	1
14647235	_hyponym	14647623	1
12200747	_hypernym	11575425	1
01365131	_derivationally_related_form	03635668	1
06034301	_synset_domain_topic_of	06018465	1
14371161	_hypernym	14299637	1
04709585	_hypernym	04709253	1
01054399	_derivationally_related_form	07118747	1
02326198	_synset_domain_topic_of	01090446	1
00021554	_hypernym	00021065	1
06208021	_hyponym	06208751	1
06295235	_member_of_domain_usage	04205318	1
01628148	_member_holonym	01625747	1
01845627	_member_meronym	01846331	1
02232190	_hyponym	01031256	1
00100543	_hypernym	00550771	1
13085113	_hyponym	12033139	1
05497363	_part_of	05496990	1
01179155	_derivationally_related_form	12143676	1
02649689	_member_meronym	02650282	1
04580298	_hyponym	03585875	1
08392137	_instance_hyponym	08043848	1
11607739	_member_meronym	11627028	1
09071690	_member_holonym	09050244	1
00634472	_hyponym	00653449	1
04174853	_hypernym	04169152	1
11562747	_hyponym	13140699	1
11565385	_hyponym	12252620	1
00959827	_derivationally_related_form	06575932	1
10752719	_derivationally_related_form	02574205	1
13104059	_member_holonym	08438533	1
07398659	_derivationally_related_form	01929467	1
01617192	_hyponym	01629958	1
05717342	_derivationally_related_form	00213353	1
13358549	_derivationally_related_form	02215506	1
00720565	_derivationally_related_form	01096497	1
03791053	_derivationally_related_form	02061495	1
00001740	_derivationally_related_form	03110322	1
14373582	_hyponym	14375576	1
13342987	_derivationally_related_form	01138523	1
03504723	_hypernym	03841666	1
12022382	_hypernym	12205694	1
11432508	_part_of	13850674	1
01793818	_hypernym	01504437	1
03899768	_part_of	03417749	1
02928608	_hypernym	03323703	1
14005892	_derivationally_related_form	02066510	1
02575723	_hyponym	02578384	1
06744396	_derivationally_related_form	00957378	1
00471613	_member_of_domain_topic	01154175	1
09875786	_hyponym	09875979	1
14966667	_derivationally_related_form	00085626	1
01582645	_derivationally_related_form	04463017	1
01864707	_hyponym	02118058	1
08337324	_hyponym	08193212	1
00839834	_hypernym	00834009	1
07292577	_derivationally_related_form	00421691	1
08330298	_member_holonym	08356903	1
08900535	_has_part	08905467	1
02333225	_hypernym	02327200	1
01474283	_hyponym	01476418	1
14546844	_hypernym	13920835	1
01227691	_hypernym	01227190	1
11692265	_part_of	11669335	1
14290534	_derivationally_related_form	00104299	1
00313245	_derivationally_related_form	01912159	1
05250659	_hyponym	05525628	1
10131590	_hypernym	10154186	1
00546192	_hypernym	01849221	1
06371734	_hypernym	06371413	1
08107499	_hyponym	01918010	1
00435778	_hyponym	00436339	1
00641820	_hypernym	00636921	1
08199025	_member_of_domain_topic	08192817	1
00206600	_hypernym	00206302	1
10481711	_hypernym	09610405	1
03187268	_synset_domain_topic_of	06128570	1
14757547	_derivationally_related_form	00198213	1
10369528	_hypernym	09617867	1
09765278	_instance_hyponym	10998305	1
07153130	_hypernym	07152948	1
01785532	_member_holonym	01785392	1
02392282	_hypernym	01864707	1
10523519	_similar_to	09620078	-1
10002031	_synset_domain_region_of	05965933	-1
04680285	_similar_to	03178782	-1
01015244	_has_part	08441203	-1
02093056	_also_see	02093056	-1
09861946	_member_holonym	09632518	-1
04960079	_member_holonym	04961691	-1
01468238	_member_of_domain_usage	01467986	-1
02958343	_similar_to	04285965	-1
05967402	_instance_hypernym	05943300	-1
01461152	_also_see	00382109	-1
10117511	_instance_hyponym	02290461	-1
04715487	_has_part	04716864	-1
11805956	_member_of_domain_topic	11805837	-1
02022135	_similar_to	02036399	-1
06561942	_part_of	07234230	-1
12449024	_synset_domain_region_of	12449296	-1
10024119	_has_part	09826821	-1
06717170	_instance_hypernym	09637684	-1
00380568	_part_of	00394813	-1
15036638	_member_meronym	14714817	-1
00435563	_instance_hypernym	00624738	-1
12693033	_synset_domain_usage_of	11585340	-1
13966007	_part_of	13963970	-1
13188973	_part_of	13166338	-1
08929922	_part_of	08937594	-1
03836191	_member_meronym	02852523	-1
07036862	_also_see	07036862	-1
07906877	_has_part	07906284	-1
12900148	_member_of_domain_region	12900462	-1
12100538	_member_of_domain_usage	12124505	-1
04913839	_member_holonym	04912732	-1
02273545	_member_holonym	02274516	-1
12736999	_synset_domain_topic_of	12737251	-1
11828973	_instance_hyponym	07733847	-1
02513269	_synset_domain_topic_of	01781478	-1
01764586	_has_part	01787822	-1
00887463	_synset_domain_region_of	01044448	-1
01316288	_part_of	00015388	-1
05704266	_similar_to	00601043	-1
12671157	_hypernym	12677427	-1
06196284	_synset_domain_region_of	00670991	-1
00962447	_similar_to	00828901	-1
02657219	_member_holonym	02665282	-1
00246552	_has_part	00243918	-1
00907919	_member_of_domain_usage	00908133	-1
07268759	_member_of_domain_usage	06696483	-1
05946687	_synset_domain_region_of	01778990	-1
04267577	_member_of_domain_topic	04194289	-1
