05005447	_derivationally_related_form	00094448	1
02621258	_member_holonym	02621107	1
12573760	_hypernym	11585340	1
02717102	_hypernym	02630189	1
09631463	_hyponym	10739636	1
04152387	_hypernym	03894379	1
07274425	_hyponym	07275275	1
05300675	_has_part	05323723	1
13104059	_hyponym	12266217	1
00375865	_derivationally_related_form	03170635	1
05929008	_derivationally_related_form	02697725	1
09044862	_has_part	09055015	1
14334122	_hypernym	05517837	1
01516290	_derivationally_related_form	07436100	1
12890685	_hypernym	13122364	1
01738597	_verb_group	01738774	1
01734502	_hyponym	01735144	1
13875970	_derivationally_related_form	02049190	1
08494459	_has_part	09198574	1
03063689	_hypernym	03990474	1
02121511	_hyponym	02123424	1
12858150	_member_holonym	12858019	1
01866535	_also_see	01002377	1
06843838	_synset_domain_usage_of	06295235	1
01702331	_derivationally_related_form	06781581	1
00799798	_hyponym	00800242	1
01912159	_derivationally_related_form	00297532	1
11960540	_member_holonym	11911591	1
01052301	_derivationally_related_form	07379094	1
02967407	_hypernym	02817650	1
10296832	_derivationally_related_form	00071646	1
01101913	_hyponym	01110517	1
09628382	_hyponym	09758173	1
14371161	_hypernym	14299637	1
00020090	_hyponym	14925198	1
02354537	_derivationally_related_form	02453889	1
06567143	_hypernym	06566077	1
00924612	_derivationally_related_form	06791372	1
07951464	_hyponym	07956887	1
05221895	_hypernym	05220461	1
01429349	_hyponym	02588108	1
00084230	_derivationally_related_form	06043075	1
05579944	_has_part	05580662	1
02360274	_verb_group	01854519	1
03906997	_derivationally_related_form	01698271	1
09157766	_part_of	09157163	1
13498828	_derivationally_related_form	00562882	1
07496463	_hyponym	07496755	1
02946921	_hyponym	02935387	1
11834654	_hypernym	13112664	1
07850329	_hypernym	07843775	1
12800327	_member_meronym	12801072	1
04592741	_has_part	03357716	1
09163192	_part_of	08731606	1
00717748	_derivationally_related_form	01374767	1
09403734	_instance_hyponym	09303647	1
02232606	_member_meronym	02233096	1
00787832	_derivationally_related_form	02497062	1
02338386	_derivationally_related_form	01059719	1
01306853	_also_see	02284662	1
00418615	_derivationally_related_form	00800930	1
15266911	_hyponym	15267536	1
12302974	_hypernym	11567411	1
03634189	_instance_hypernym	04078747	1
00803394	_hypernym	00803208	1
01850315	_hyponym	01974062	1
04616059	_hyponym	04897762	1
14647235	_hyponym	14647623	1
07523905	_hyponym	07524242	1
01651444	_derivationally_related_form	00237078	1
13342987	_derivationally_related_form	01138523	1
12626030	_member_holonym	12619306	1
12189620	_member_holonym	12188985	1
09681973	_hypernym	09681351	1
01403540	_synset_domain_topic_of	00464894	1
01687876	_derivationally_related_form	03720163	1
11579418	_hyponym	12027864	1
01965806	_hypernym	01963942	1
02656670	_hypernym	02652668	1
13384341	_hypernym	13384164	1
10533013	_hyponym	10711144	1
10476928	_hypernym	10371741	1
01017001	_hypernym	01016778	1
00956485	_instance_hyponym	01275697	1
12618336	_member_holonym	12610933	1
00096969	_hypernym	00045907	1
11579418	_hyponym	12899333	1
00327824	_derivationally_related_form	01877355	1
02036578	_derivationally_related_form	04826235	1
00133338	_hypernym	01173038	1
07105475	_member_of_domain_usage	00064789	1
13358549	_hyponym	13421832	1
04906273	_hypernym	04905188	1
02743050	_part_of	02742753	1
05776212	_derivationally_related_form	02107588	1
01419982	_synset_domain_topic_of	00523513	1
09998101	_derivationally_related_form	00750730	1
00629738	_hypernym	00628491	1
09849598	_derivationally_related_form	01775535	1
11494638	_has_part	11509377	1
01648993	_member_holonym	01648818	1
00967625	_derivationally_related_form	06596978	1
08340153	_member_meronym	08340989	1
07307754	_hyponym	07436475	1
00793785	_derivationally_related_form	04688842	1
05965388	_hypernym	05943300	1
06212839	_hyponym	06218459	1
00038365	_derivationally_related_form	00256746	1
03791053	_derivationally_related_form	02061495	1
09416570	_instance_hypernym	09403734	1
07557165	_hyponym	07596684	1
01432517	_hyponym	02544086	1
07733394	_hypernym	07707451	1
12974457	_hypernym	11590783	1
00698732	_hypernym	00697589	1
00379774	_hypernym	00256507	1
02236495	_member_meronym	02236896	1
05486920	_hyponym	05489394	1
01888264	_derivationally_related_form	01884383	1
08920381	_has_part	09380446	1
14444825	_hypernym	01097292	1
07066659	_hypernym	00033020	1
02489589	_hyponym	02493793	1
02945379	_hypernym	03907654	1
00895501	_has_part	00959992	1
00007846	_hyponym	09679170	1
01543123	_hyponym	01543731	1
14622893	_hyponym	14638517	1
06045562	_hyponym	06043075	1
12107970	_hypernym	12131550	1
05602835	_part_of	05600637	1
00210518	_hyponym	00210797	1
00063724	_hypernym	00208210	1
12205694	_hyponym	12685431	1
01261293	_hypernym	01260867	1
07800091	_hyponym	07800740	1
00040188	_hypernym	00038365	1
06613686	_member_of_domain_topic	01002740	1
03763968	_hyponym	03846234	1
07261300	_hypernym	07260623	1
09617696	_hyponym	10712055	1
01088192	_derivationally_related_form	01158190	1
00033615	_hyponym	05091770	1
02534492	_hypernym	02367363	1
06636806	_derivationally_related_form	00563552	1
01529491	_hypernym	01528821	1
01134781	_derivationally_related_form	00122661	1
04892084	_hyponym	04892344	1
13949802	_hypernym	13948441	1
13724977	_hypernym	13717155	1
12474006	_hypernym	11561228	1
01475075	_derivationally_related_form	04445952	1
06295235	_member_of_domain_usage	08179205	1
13187167	_member_holonym	13187031	1
00240293	_derivationally_related_form	03289462	1
01475831	_derivationally_related_form	10287213	1
01933305	_derivationally_related_form	00609506	1
01547001	_derivationally_related_form	08624196	1
14473655	_derivationally_related_form	01468097	1
03892891	_hyponym	03081021	1
01311520	_has_part	01274171	1
01409177	_hypernym	01405044	1
00001740	_derivationally_related_form	03110322	1
00161225	_hyponym	00162167	1
13572436	_derivationally_related_form	00575970	1
01577093	_derivationally_related_form	09677830	1
11655764	_member_meronym	11656123	1
03600977	_derivationally_related_form	01604696	1
01143040	_hyponym	01144133	1
03735637	_derivationally_related_form	00647094	1
12496427	_member_holonym	12496207	1
01160031	_also_see	01611067	1
12696492	_has_part	12696830	1
15291498	_hyponym	15266265	1
01206849	_derivationally_related_form	00046522	1
11440802	_hypernym	11511523	1
01745125	_hyponym	01747885	1
01131197	_derivationally_related_form	00961001	1
13032115	_member_holonym	13031956	1
10628222	_hyponym	09953615	1
05054130	_derivationally_related_form	00594413	1
01493541	_member_holonym	01493366	1
00166172	_hypernym	00457382	1
05481095	_has_part	05499828	1
01936391	_hyponym	01937579	1
07780874	_hypernym	07780627	1
01898282	_derivationally_related_form	10781236	1
12398682	_hypernym	11562747	1
09831411	_derivationally_related_form	06046692	1
11718911	_member_holonym	11692952	1
07046543	_hypernym	07044917	1
02466670	_derivationally_related_form	06535222	1
00056930	_hyponym	00058401	1
00470966	_synset_domain_region_of	08860123	1
06338908	_derivationally_related_form	01030132	1
11929027	_hyponym	12014524	1
07223170	_hyponym	07223985	1
02757810	_hypernym	04391838	1
08905467	_instance_hypernym	08654360	1
01812866	_member_holonym	01812471	1
00618734	_hypernym	00582388	1
07809368	_hyponym	07828156	1
00035189	_hyponym	00095502	1
00291004	_synset_domain_topic_of	08199025	1
02261888	_derivationally_related_form	13268146	1
05799212	_derivationally_related_form	02531625	1
07199191	_hypernym	07197021	1
01342529	_hyponym	02021438	1
07052291	_part_of	06377442	1
00590518	_derivationally_related_form	09928451	1
00980779	_hypernym	00980038	1
02074915	_member_meronym	02075296	1
11585340	_hyponym	12349091	1
00929718	_member_of_domain_topic	01701634	1
00949288	_derivationally_related_form	05861067	1
02398463	_hyponym	02398681	1
04935239	_hypernym	04935003	1
08164585	_hyponym	08165353	1
01633343	_hypernym	01631534	1
06796119	_hypernym	06795746	1
00249501	_derivationally_related_form	00248659	1
04469813	_hypernym	03100490	1
10677713	_hyponym	10422540	1
05646218	_hyponym	05646828	1
01518718	_member_holonym	01518564	1
05136150	_hypernym	05093581	1
10012815	_hypernym	00007846	1
01356459	_member_meronym	01356888	1
05724694	_hyponym	05725269	1
00607405	_derivationally_related_form	05755883	1
05051896	_derivationally_related_form	02684924	1
02506248	_hypernym	02505998	1
02482425	_hyponym	02484208	1
12823164	_member_meronym	12823531	1
00523513	_member_of_domain_topic	01940248	1
00759694	_hyponym	00764891	1
04461148	_instance_hypernym	02814860	1
04112752	_hypernym	03714235	1
05751794	_derivationally_related_form	00159880	1
02748927	_hypernym	02604760	1
05213201	_hypernym	04723816	1
01952812	_member_meronym	01953032	1
01915093	_hypernym	01342529	1
01149494	_also_see	01368192	1
01718185	_hypernym	01712704	1
04618070	_hyponym	04618781	1
12848343	_member_holonym	12838027	1
01057759	_derivationally_related_form	01182021	1
02612393	_hypernym	01342529	1
12838027	_member_holonym	12808227	1
02075296	_hyponym	02507649	1
04586421	_hypernym	03736970	1
05823932	_hyponym	14299637	1
02719399	_derivationally_related_form	07499113	1
05051896	_derivationally_related_form	02410175	1
04682462	_hyponym	04681230	1
02030442	_member_holonym	02025530	1
01366415	_hypernym	01352574	1
04835724	_hyponym	04836268	1
00752493	_also_see	02384686	1
12295560	_member_meronym	12295796	1
01558883	_hypernym	01555742	1
01662614	_hypernym	01662771	1
06374587	_derivationally_related_form	00826509	1
02219486	_member_holonym	02206270	-1
00628491	_member_holonym	00670261	-1
12126238	_member_of_domain_usage	12126360	-1
00746232	_verb_group	02568065	-1
07544647	_synset_domain_region_of	07545303	-1
02009433	_similar_to	02010864	-1
04135710	_has_part	06845599	-1
09348055	_part_of	09224911	-1
02658447	_instance_hypernym	02657219	-1
02379753	_instance_hypernym	00212205	-1
00950858	_member_of_domain_usage	00102457	-1
02698944	_synset_domain_region_of	07108123	-1
01063188	_member_of_domain_region	01018928	-1
06710546	_instance_hypernym	00647542	-1
09938672	_similar_to	04956594	-1
05798043	_synset_domain_region_of	05797597	-1
14402922	_member_holonym	14400677	-1
02518161	_instance_hyponym	01220984	-1
01397210	_synset_domain_region_of	01414088	-1
00943837	_member_of_domain_region	00930368	-1
00393953	_instance_hyponym	00296178	-1
08172103	_also_see	09029457	-1
08678783	_synset_domain_usage_of	08596336	-1
01494310	_synset_domain_region_of	01544285	-1
10622053	_part_of	10058777	-1
02266148	_member_of_domain_region	02267060	-1
08900535	_derivationally_related_form	08905936	-1
10310516	_has_part	10100761	-1
09939313	_synset_domain_usage_of	09884815	-1
13038944	_verb_group	13043264	-1
